0.680000000000000
0.320000000000000
0.265000000000000
0.690000000000000
0.150000000000000
0.060000000000000
0.3117000000000
0.32630000000000
0.4608295
0
10
0
0
0
0
0
1
0
0
0
1
0
0
0
1
0
0
0
1
0
0
0
0
0
0
0
0
0
0
0
0
0
0
0
0
0
0
0
0.100000000000000
0.100000000000000
0.0500000000000000
0
0.100000000000000
0.100000000000000
0.0500000000000000
0
0
0
0
0
1
0
0
0
0.500000000000000
0.500000000000000
0.500000000000000
0.500000000000000
3
4500
6500
11000
0.997222269
0.079345935
-0.053533185
0
0.001150851
0.979234302
0.007669868
0
-0.004048592
-0.025879019
0.594476012
0
1.020423125
0.004105987
-0.003350637
0
-0.006404508
1.027806919
-0.001870233
0
-0.001595529
0.001184675
0.982816078
0
0.718928291
-0.041611973
0.042190242
0
-0.009038161
0.739081324
-0.010169618
0
0.000962903
0.024801135
0.957596237
0
0
0
0
0
2.40000000000000
0
0
0
1.0000
420
151
1000
0.125
1.5
0.33333
1
0
0
2
1
0
1
0
0
0
0
0
0
0
0
0
0
0
0
0
0
0
0
0
0
0
0
0
0
0
0
0
0
0
0
0
0
0
0
0
0
0
0
0
0
0
0
0
0
0
0
0
0
0
0
0
0
0
0
0
0
0
0
0
0
0
0
0
0
0
0
0
0
0.11
2.6
1
0.4
0
0
0.640000000000000
0.330000000000000
0.300000000000000
0.600000000000000
0.150000000000000
0.060000000000000
0.312713000000000
0.329060000000000
0.45454545454545
0
3
3
2.5
2.5
10
5
0.1
1.15
0.23
1.55
0
0.9
0.1
0.1
90
265
0.35
0.143
-30
14
2
2
-0.5
1.5
0
1
0
0
0
0
0
0
0
0
0
0
0
0
0
0
0
0
0
0
0
0
0
0
0
0
0
0
0
0
0
0
0
0
0
0
0
0
0
0
0
0
0
0
0
0
0
0
0
0
0
0
0
0
0
0
0
0
0
0
0
0
0
0
0
0
0
0
0
0
0
0
0
0
0
0
0
0
0
0
0
0
0
0
0
0
0
0
0
0
0
0
0
0
0
0
0
0
0
0
0
0
0
0
0
0
0
0
0
0
0
0
0
0
0
0
0
0
0
0
0
0
0
0
0
0
0
0
0
0
0
0
0
0
0
0
0
0
0
0
0
0
0
0
0
0
0
0
0
0
0
0
0
0
0
0
0
0
0
0
0
0
0
0
0
125
10000
1
1
1
0
0
2
0
2
81
105
131
201
261
325
26
0.8
0.1
0.5
0.6
0.5
0.6
1
0
12
123
0
0.8
0.1
0.5
0.6
0.5
0.6
1
0
12
123
0
0.8
0.1
0.5
0.6
0.5
0.6
1
0
12
123
0
0.8
0.1
0.5
0.6
0.5
0.6
1
0
12
123
0
0.8
0.1
0.5
0.6
0.5
0.6
1
0
12
123
0
0.8
0.1
0.5
0.6
0.5
0.6
1
0
12
123
0
0.8
0.1
0.5
0.6
0.5
0.6
1
0
12
123
0
0.5
0
50
50
50
50
120
0.05
10
0
50
60
50
60
120
0.05
10
0
50
50
50
50
120
0.05
10
0
50
50
50
50
120
0.05
10
0
50
50
50
50
120
0.05
10
0
50
50
50
50
120
0.05
10
0
50
50
50
50
120
0.05
10
0.5
0
0
12
123
0
-5
0
12
123
0
0
0
12
123
0
0
0
12
123
0
0
0
12
123
0
0
0
12
123
0
0
0
12
123
0
0.3
-10
0.7
0.12
0.96
120
30
40
1
0.7
0.12
0.96
330
3
20