0.683000000000000
0.316000000000000
0.23500000000000
0.72000000000000
0.14100000000000
0.053000000000000
0.305
0.321
0.460829
0
10
0
0
0
0
0
1
0
0
0
1
0
0
0
1
0
0
0
1
0
0
0
0
0
0
0
0
0
0
0
0
0
0
0
0
0
0
0
0.100000000000000
0.100000000000000
0.0500000000000000
0
0.100000000000000
0.100000000000000
0.0500000000000000
0
0
0
0
0
1
0
0
0
0.500000000000000
0.500000000000000
0.500000000000000
0.500000000000000
3
4500
7025
11000
0.992571148
0.090520191
-0.059826202
0
0.002269401
0.970809518
0.008836717
0
-0.00448341
-0.029188626
0.613545146
0
1.020423125
0.004105987
-0.003350637
0
-0.006404508
1.027806919
-0.001870233
0
-0.001595529
0.001184675
0.982816078
0
0.768840775
-0.035621561
0.034601455
0
-0.00874637
0.787403343
-0.008754173
0
0.000552305
0.020859938
0.961789268
0
0
0
0
0
2.40000000000000
0
0
0
1.0000
420
151
1000
0.125
1.5
0.33333
1
0
0
2
1
0
1
0
0
0
0
0
0
0
0
0
0
0
0
0
0
0
0
0
0
0
0
0
0
0
0
0
0
0
0
0
0
0
0
0
0
0
0
0
0
0
0
0
0
0
0
0
0
0
0
0
0
0
0
0
0
0
0
0
0
0
0
0
0
0
0
0
0
0.11
2.6
1
0.4
0
1
0.640000000000000
0.330000000000000
0.300000000000000
0.600000000000000
0.150000000000000
0.060000000000000
0.30000000000
0.32000000000
0.4545454545
0
3
3
2.5
2.5
10
5
0.1
1.15
0.23
1.55
0
0.9
0.1
0.1
90
265
0.35
0.143
-30
14
2
2
-0.5
1.5
0
0.6
0
0
0
0
0
0
0
0
0
0
0
0
0
0
0
0
0
0
0
0
0
0
0
0
0
0
0
0
0
0
0
0
0
0
0
0
0
0
0
0
0
0
0
0
0
0
0
0
0
0
0
0
0
0
0
0
0
0
0
0
0
0
0
0
0
0
0
0
0
0
0
0
0
0
0
0
0
0
0
0
0
0
0
0
0
0
0
0
0
0
0
0
0
0
0
0
0
0
0
0
0
0
0
0
0
0
0
0
0
0
0
0
0
0
0
0
0
0
0
0
0
0
0
0
0
0
0
0
0
0
0
0
0
0
0
0
0
0
0
0
0
0
0
0
0
0
0
0
0
0
0
0
0
0
0
0
0
0
0
0
0
0
1
125
10000
1
1
1
0
0
2
0
2
81
105
131
201
261
325
26
0.8
0.1
0.5
0.71
0.5
0.71
1
0
12
123
0
0.8
0.1
0.5
0.61
0.5
0.61
1
0
12
123
0
0.8
0.1
0.5
0.71
0.5
0.71
1
0
12
123
0
0.8
0.1
0.5
0.71
0.5
0.71
1
0
12
123
0
0.8
0.1
0.5
0.71
0.5
0.71
1
0
12
123
0
0.8
0.1
0.5
0.71
0.5
0.71
1
0
12
123
0
0.8
0.1
0.5
0.71
0.5
0.71
1
0
12
123
0
0.5
0
50
50
50
50
120
0.05
1
0
50
80
50
80
120
0.05
1
0
50
50
50
50
120
0.05
1
0
50
50
50
50
120
0.05
1
0
50
50
50
50
120
0.05
1
0
50
50
50
50
120
0.05
1
0
50
50
50
50
120
0.05
1
0.1
0
0
12
123
0
-5
0
12
123
0
0
0
12
123
0
0
0
12
123
0
0
0
12
123
0
0
0
12
123
0
0
0
12
123
0
0.3
-10
0.7
0.12
0.96
120
30
40
1
0.7
0.12
0.96
330
3
20